
---------- Initial conditions ----------

b = 5
m = 12
c = 3

---------- iddfs strategy ----------

R: 12 3 0 0 (0)
L: 12 0 0 3 (1)
R: 12 1 0 2 (2)
L: 8 0 4 3 (3)
R: 8 1 4 2 (4)
L: 4 0 8 3 (5)
R: 4 1 8 2 (6)
L: 0 0 12 3 (7)
moves = 8
0.049863338470458984 s
0.006958723068237305 s

---------- A* strategy ----------

R: 12 3 0 0 (0)
L: 7 3 5 0 (1)
R: 8 3 4 0 (2)
L: 3 3 9 0 (3)
R: 4 3 8 0 (4)
L: 1 1 11 2 (5)
R: 2 1 10 2 (6)
L: 0 0 12 3 (7)
moves = 8
0.002992868423461914 s

---------- bkt strategy ----------

R: 12 3 0 0 (0)
L: 11 2 1 1 (1)
R: 11 3 1 0 (2)
L: 10 2 2 1 (3)
R: 10 3 2 0 (4)
L: 10 1 2 2 (5)
R: 10 2 2 1 (6)
L: 9 1 3 2 (7)
R: 9 2 3 1 (8)
L: 9 0 3 3 (9)
R: 9 1 3 2 (10)
L: 8 0 4 3 (11)
R: 8 1 4 2 (12)
L: 7 0 5 3 (13)
R: 7 1 5 2 (14)
L: 6 0 6 3 (15)
R: 6 1 6 2 (16)
L: 5 0 7 3 (17)
R: 5 1 7 2 (18)
L: 4 0 8 3 (19)
R: 4 1 8 2 (20)
L: 3 0 9 3 (21)
R: 3 1 9 2 (22)
L: 2 0 10 3 (23)
R: 2 1 10 2 (24)
L: 1 0 11 3 (25)
R: 1 1 11 2 (26)
L: 0 0 12 3 (27)
moves = 28
0.00299072265625 s

---------- random strategy ----------
I can not perform my strategy if there are big values for missionaries and cannibals
