
---------- Initial conditions ----------

b = 3
m = 6
c = 5

---------- iddfs strategy ----------

R: 6 5 0 0 (0)
L: 6 2 0 3 (1)
R: 6 3 0 2 (2)
L: 3 3 3 2 (3)
R: 4 3 2 2 (4)
L: 2 2 4 3 (5)
R: 3 2 3 3 (6)
L: 1 1 5 4 (7)
R: 2 1 4 4 (8)
L: 0 0 6 5 (9)
moves = 10
0.003995656967163086 s
0.0 s

---------- A* strategy ----------

R: 6 5 0 0 (0)
L: 6 2 0 3 (1)
R: 6 3 0 2 (2)
L: 3 3 3 2 (3)
R: 4 3 2 2 (4)
L: 2 2 4 3 (5)
R: 3 2 3 3 (6)
L: 1 1 5 4 (7)
R: 2 1 4 4 (8)
L: 0 0 6 5 (9)
moves = 10
0.0 s

---------- bkt strategy ----------

R: 6 5 0 0 (0)
L: 5 4 1 1 (1)
R: 5 5 1 0 (2)
L: 4 3 2 2 (3)
R: 4 4 2 1 (4)
L: 3 2 3 3 (5)
R: 3 3 3 2 (6)
L: 2 1 4 4 (7)
R: 2 2 4 3 (8)
L: 1 0 5 5 (9)
R: 1 1 5 4 (10)
L: 0 0 6 5 (11)
moves = 12
0.003994464874267578 s

---------- random strategy ----------

R: 6 5 0 0 (0)
L: 4 4 2 1 (1)
R: 6 4 0 1 (2)
L: 5 4 1 1 (3)
R: 5 5 1 0 (4)
L: 4 3 2 2 (5)
R: 5 4 1 1 (6)
L: 3 3 3 2 (7)
R: 4 3 2 2 (8)
L: 2 2 4 3 (9)
R: 3 3 3 2 (10)
L: 0 3 6 2 (11)
R: 0 4 6 1 (12)
L: 0 1 6 4 (13)
R: 2 1 4 4 (14)
L: 0 0 6 5 (15)
moves = 16
0.023965835571289062 s
