
---------- Initial conditions ----------

b = 3
m = 9
c = 5

---------- iddfs strategy ----------

R: 9 5 0 0 (0)
L: 9 3 0 2 (1)
R: 9 4 0 1 (2)
L: 9 1 0 4 (3)
R: 9 2 0 3 (4)
L: 6 2 3 3 (5)
R: 6 3 3 2 (6)
L: 5 1 4 4 (7)
R: 5 2 4 3 (8)
L: 4 0 5 5 (9)
R: 4 1 5 4 (10)
L: 2 0 7 5 (11)
R: 2 1 7 4 (12)
L: 0 0 9 5 (13)
moves = 14
0.07779145240783691 s
0.05385541915893555 s

---------- A* strategy ----------

R: 9 5 0 0 (0)
L: 9 2 0 3 (1)
R: 9 3 0 2 (2)
L: 6 3 3 2 (3)
R: 7 3 2 2 (4)
L: 5 2 4 3 (5)
R: 6 2 3 3 (6)
L: 4 1 5 4 (7)
R: 5 1 4 4 (8)
L: 3 0 6 5 (9)
R: 4 0 5 5 (10)
L: 1 0 8 5 (11)
R: 2 0 7 5 (12)
L: 0 0 9 5 (13)
moves = 14
0.005984306335449219 s

---------- bkt strategy ----------

R: 9 5 0 0 (0)
L: 8 4 1 1 (1)
R: 8 5 1 0 (2)
L: 7 4 2 1 (3)
R: 7 5 2 0 (4)
L: 7 3 2 2 (5)
R: 7 4 2 1 (6)
L: 6 3 3 2 (7)
R: 6 4 3 1 (8)
L: 6 2 3 3 (9)
R: 6 3 3 2 (10)
L: 5 2 4 3 (11)
R: 5 3 4 2 (12)
L: 5 1 4 4 (13)
R: 5 2 4 3 (14)
L: 4 1 5 4 (15)
R: 4 2 5 3 (16)
L: 4 0 5 5 (17)
R: 4 1 5 4 (18)
L: 3 0 6 5 (19)
R: 3 1 6 4 (20)
L: 2 0 7 5 (21)
R: 2 1 7 4 (22)
L: 1 0 8 5 (23)
R: 1 1 8 4 (24)
L: 0 0 9 5 (25)
moves = 26
0.001994609832763672 s

---------- random strategy ----------

R: 9 5 0 0 (0)
L: 9 3 0 2 (1)
R: 9 4 0 1 (2)
L: 9 1 0 4 (3)
R: 9 2 0 3 (4)
L: 6 2 3 3 (5)
R: 7 3 2 2 (6)
L: 4 3 5 2 (7)
R: 4 4 5 1 (8)
L: 3 3 6 2 (9)
R: 6 3 3 2 (10)
L: 5 2 4 3 (11)
R: 5 4 4 1 (12)
L: 4 2 5 3 (13)
R: 6 2 3 3 (14)
L: 3 2 6 3 (15)
R: 3 3 6 2 (16)
L: 0 3 9 2 (17)
R: 0 5 9 0 (18)
L: 0 2 9 3 (19)
R: 0 4 9 1 (20)
L: 0 1 9 4 (21)
R: 0 2 9 3 (22)
L: 0 0 9 5 (23)
moves = 24
0.20545053482055664 s
