
---------- Initial conditions ----------

b = 5
m = 10
c = 3

---------- iddfs strategy ----------

R: 10 3 0 0 (0)
L: 7 1 3 2 (1)
R: 7 2 3 1 (2)
L: 4 0 6 3 (3)
R: 4 1 6 2 (4)
L: 0 0 10 3 (5)
moves = 6
0.025963306427001953 s
0.0010292530059814453 s

---------- A* strategy ----------

R: 10 3 0 0 (0)
L: 5 3 5 0 (1)
R: 6 3 4 0 (2)
L: 2 2 8 1 (3)
R: 3 3 7 0 (4)
L: 0 1 10 2 (5)
R: 0 2 10 1 (6)
L: 0 0 10 3 (7)
moves = 8
0.0029685497283935547 s

---------- bkt strategy ----------

R: 10 3 0 0 (0)
L: 9 2 1 1 (1)
R: 9 3 1 0 (2)
L: 8 2 2 1 (3)
R: 8 3 2 0 (4)
L: 8 1 2 2 (5)
R: 8 2 2 1 (6)
L: 7 1 3 2 (7)
R: 7 2 3 1 (8)
L: 7 0 3 3 (9)
R: 7 1 3 2 (10)
L: 6 0 4 3 (11)
R: 6 1 4 2 (12)
L: 5 0 5 3 (13)
R: 5 1 5 2 (14)
L: 4 0 6 3 (15)
R: 4 1 6 2 (16)
L: 3 0 7 3 (17)
R: 3 1 7 2 (18)
L: 2 0 8 3 (19)
R: 2 1 8 2 (20)
L: 1 0 9 3 (21)
R: 1 1 9 2 (22)
L: 0 0 10 3 (23)
moves = 24
0.0030143260955810547 s

---------- random strategy ----------

R: 10 3 0 0 (0)
L: 5 3 5 0 (1)
R: 9 3 1 0 (2)
L: 6 3 4 0 (3)
R: 8 3 2 0 (4)
L: 7 0 3 3 (5)
R: 8 1 2 2 (6)
L: 3 1 7 2 (7)
R: 4 1 6 2 (8)
L: 1 1 9 2 (9)
R: 4 2 6 1 (10)
L: 2 0 8 3 (11)
R: 2 1 8 2 (12)
L: 1 0 9 3 (13)
R: 3 0 7 3 (14)
L: 0 0 10 3 (15)
moves = 16
0.0 s
