
---------- Initial conditions ----------

b = 5
m = 15
c = 8

---------- iddfs strategy ----------

R: 15 8 0 0 (0)
L: 15 5 0 3 (1)
R: 15 6 0 2 (2)
L: 11 5 4 3 (3)
R: 11 6 4 2 (4)
L: 9 3 6 5 (5)
R: 9 4 6 4 (6)
L: 7 1 8 7 (7)
R: 7 2 8 6 (8)
L: 4 0 11 8 (9)
R: 4 1 11 7 (10)
L: 0 0 15 8 (11)
moves = 12
2.1277883052825928 s
2.0119407176971436 s

---------- A* strategy ----------

R: 15 8 0 0 (0)
L: 15 3 0 5 (1)
R: 15 4 0 4 (2)
L: 10 4 5 4 (3)
R: 11 4 4 4 (4)
L: 8 2 7 6 (5)
R: 9 2 6 6 (6)
L: 6 0 9 8 (7)
R: 7 0 8 8 (8)
L: 2 0 13 8 (9)
R: 3 0 12 8 (10)
L: 0 0 15 8 (11)
moves = 12
0.01201319694519043 s

---------- bkt strategy ----------

R: 15 8 0 0 (0)
L: 14 7 1 1 (1)
R: 14 8 1 0 (2)
L: 13 7 2 1 (3)
R: 13 8 2 0 (4)
L: 13 6 2 2 (5)
R: 13 7 2 1 (6)
L: 12 6 3 2 (7)
R: 12 7 3 1 (8)
L: 12 5 3 3 (9)
R: 12 6 3 2 (10)
L: 11 5 4 3 (11)
R: 11 6 4 2 (12)
L: 11 4 4 4 (13)
R: 11 5 4 3 (14)
L: 10 4 5 4 (15)
R: 10 5 5 3 (16)
L: 10 3 5 5 (17)
R: 10 4 5 4 (18)
L: 9 3 6 5 (19)
R: 9 4 6 4 (20)
L: 9 2 6 6 (21)
R: 9 3 6 5 (22)
L: 8 2 7 6 (23)
R: 8 3 7 5 (24)
L: 8 1 7 7 (25)
R: 8 2 7 6 (26)
L: 7 1 8 7 (27)
R: 7 2 8 6 (28)
L: 7 0 8 8 (29)
R: 7 1 8 7 (30)
L: 6 0 9 8 (31)
R: 6 1 9 7 (32)
L: 5 0 10 8 (33)
R: 5 1 10 7 (34)
L: 4 0 11 8 (35)
R: 4 1 11 7 (36)
L: 3 0 12 8 (37)
R: 3 1 12 7 (38)
L: 2 0 13 8 (39)
R: 2 1 13 7 (40)
L: 1 0 14 8 (41)
R: 1 1 14 7 (42)
L: 0 0 15 8 (43)
moves = 44
1.8119230270385742 s

---------- random strategy ----------
I can not perform my strategy if there are big values for missionaries and cannibals
