
---------- Initial conditions ----------

b = 4
m = 10
c = 5

---------- iddfs strategy ----------

R: 10 5 0 0 (0)
L: 10 2 0 3 (1)
R: 10 3 0 2 (2)
L: 7 2 3 3 (3)
R: 7 3 3 2 (4)
L: 5 1 5 4 (5)
R: 5 2 5 3 (6)
L: 3 0 7 5 (7)
R: 3 1 7 4 (8)
L: 0 0 10 5 (9)
moves = 10
0.031233787536621094 s
0.01562976837158203 s

---------- A* strategy ----------

R: 10 5 0 0 (0)
L: 6 5 4 0 (1)
R: 7 5 3 0 (2)
L: 4 4 6 1 (3)
R: 5 4 5 1 (4)
L: 3 2 7 3 (5)
R: 3 3 7 2 (6)
L: 0 2 10 3 (7)
R: 0 4 10 1 (8)
L: 0 0 10 5 (9)
moves = 10
0.01670098304748535 s

---------- bkt strategy ----------

R: 10 5 0 0 (0)
L: 9 4 1 1 (1)
R: 9 5 1 0 (2)
L: 8 4 2 1 (3)
R: 8 5 2 0 (4)
L: 8 3 2 2 (5)
R: 8 4 2 1 (6)
L: 7 3 3 2 (7)
R: 7 4 3 1 (8)
L: 7 2 3 3 (9)
R: 7 3 3 2 (10)
L: 6 2 4 3 (11)
R: 6 3 4 2 (12)
L: 6 1 4 4 (13)
R: 6 2 4 3 (14)
L: 5 1 5 4 (15)
R: 5 2 5 3 (16)
L: 5 0 5 5 (17)
R: 5 1 5 4 (18)
L: 4 0 6 5 (19)
R: 4 1 6 4 (20)
L: 3 0 7 5 (21)
R: 3 1 7 4 (22)
L: 2 0 8 5 (23)
R: 2 1 8 4 (24)
L: 1 0 9 5 (25)
R: 1 1 9 4 (26)
L: 0 0 10 5 (27)
moves = 28
0.004106283187866211 s

---------- random strategy ----------

R: 10 5 0 0 (0)
L: 10 2 0 3 (1)
R: 10 4 0 1 (2)
L: 9 4 1 1 (3)
R: 9 5 1 0 (4)
L: 6 4 4 1 (5)
R: 7 5 3 0 (6)
L: 7 3 3 2 (7)
R: 8 3 2 2 (8)
L: 6 2 4 3 (9)
R: 6 5 4 0 (10)
L: 4 4 6 1 (11)
R: 5 4 5 1 (12)
L: 5 0 5 5 (13)
R: 5 2 5 3 (14)
L: 2 2 8 3 (15)
R: 4 3 6 2 (16)
L: 4 1 6 4 (17)
R: 5 1 5 4 (18)
L: 2 0 8 5 (19)
R: 4 2 6 3 (20)
L: 0 2 10 3 (21)
R: 0 5 10 0 (22)
L: 0 3 10 2 (23)
R: 0 4 10 1 (24)
L: 0 0 10 5 (25)
moves = 26
0.0 s
