
---------- Initial conditions ----------

b = 5
m = 9
c = 6

---------- iddfs strategy ----------

R: 9 6 0 0 (0)
L: 9 3 0 3 (1)
R: 9 4 0 2 (2)
L: 5 3 4 3 (3)
R: 5 4 4 2 (4)
L: 3 1 6 5 (5)
R: 3 2 6 4 (6)
L: 0 0 9 6 (7)
moves = 8
0.023967981338500977 s
0.00399470329284668 s

---------- A* strategy ----------

R: 9 6 0 0 (0)
L: 9 1 0 5 (1)
R: 9 2 0 4 (2)
L: 4 2 5 4 (3)
R: 5 2 4 4 (4)
L: 2 0 7 6 (5)
R: 3 0 6 6 (6)
L: 0 0 9 6 (7)
moves = 8
0.003994941711425781 s

---------- bkt strategy ----------

R: 9 6 0 0 (0)
L: 8 5 1 1 (1)
R: 8 6 1 0 (2)
L: 7 5 2 1 (3)
R: 7 6 2 0 (4)
L: 7 4 2 2 (5)
R: 7 5 2 1 (6)
L: 6 4 3 2 (7)
R: 6 5 3 1 (8)
L: 6 3 3 3 (9)
R: 6 4 3 2 (10)
L: 5 3 4 3 (11)
R: 5 4 4 2 (12)
L: 5 2 4 4 (13)
R: 5 3 4 3 (14)
L: 4 2 5 4 (15)
R: 4 3 5 3 (16)
L: 4 1 5 5 (17)
R: 4 2 5 4 (18)
L: 3 1 6 5 (19)
R: 3 2 6 4 (20)
L: 3 0 6 6 (21)
R: 3 1 6 5 (22)
L: 2 0 7 6 (23)
R: 2 1 7 5 (24)
L: 1 0 8 6 (25)
R: 1 1 8 5 (26)
L: 0 0 9 6 (27)
moves = 28
0.07989192008972168 s

---------- random strategy ----------

R: 9 6 0 0 (0)
L: 7 6 2 0 (1)
R: 8 6 1 0 (2)
L: 5 5 4 1 (3)
R: 9 5 0 1 (4)
L: 9 3 0 3 (5)
R: 9 4 0 2 (6)
L: 9 1 0 5 (7)
R: 9 3 0 3 (8)
L: 9 0 0 6 (9)
R: 9 2 0 4 (10)
L: 5 2 4 4 (11)
R: 5 3 4 3 (12)
L: 3 0 6 6 (13)
R: 3 1 6 5 (14)
L: 0 1 9 5 (15)
R: 3 2 6 4 (16)
L: 2 0 7 6 (17)
R: 2 2 7 4 (18)
L: 1 1 8 5 (19)
R: 4 1 5 5 (20)
L: 0 0 9 6 (21)
moves = 22
0.00402379035949707 s
