
---------- Initial conditions ----------

b = 4
m = 10
c = 3

---------- iddfs strategy ----------

R: 10 3 0 0 (0)
L: 8 1 2 2 (1)
R: 8 2 2 1 (2)
L: 6 0 4 3 (3)
R: 6 1 4 2 (4)
L: 3 0 7 3 (5)
R: 3 1 7 2 (6)
L: 0 0 10 3 (7)
moves = 8
0.02498650550842285 s
0.002008676528930664 s

---------- A* strategy ----------

R: 10 3 0 0 (0)
L: 6 3 4 0 (1)
R: 7 3 3 0 (2)
L: 3 3 7 0 (3)
R: 4 3 6 0 (4)
L: 2 1 8 2 (5)
R: 2 2 8 1 (6)
L: 0 0 10 3 (7)
moves = 8
0.0019736289978027344 s

---------- bkt strategy ----------

R: 10 3 0 0 (0)
L: 9 2 1 1 (1)
R: 9 3 1 0 (2)
L: 8 2 2 1 (3)
R: 8 3 2 0 (4)
L: 8 1 2 2 (5)
R: 8 2 2 1 (6)
L: 7 1 3 2 (7)
R: 7 2 3 1 (8)
L: 7 0 3 3 (9)
R: 7 1 3 2 (10)
L: 6 0 4 3 (11)
R: 6 1 4 2 (12)
L: 5 0 5 3 (13)
R: 5 1 5 2 (14)
L: 4 0 6 3 (15)
R: 4 1 6 2 (16)
L: 3 0 7 3 (17)
R: 3 1 7 2 (18)
L: 2 0 8 3 (19)
R: 2 1 8 2 (20)
L: 1 0 9 3 (21)
R: 1 1 9 2 (22)
L: 0 0 10 3 (23)
moves = 24
0.0019643306732177734 s

---------- random strategy ----------

R: 10 3 0 0 (0)
L: 8 2 2 1 (1)
R: 10 2 0 1 (2)
L: 7 2 3 1 (3)
R: 9 3 1 0 (4)
L: 6 3 4 0 (5)
R: 7 3 3 0 (6)
L: 5 1 5 2 (7)
R: 5 2 5 1 (8)
L: 3 2 7 1 (9)
R: 3 3 7 0 (10)
L: 0 3 10 0 (11)
R: 4 3 6 0 (12)
L: 2 2 8 1 (13)
R: 5 3 5 0 (14)
L: 3 3 7 0 (15)
R: 6 3 4 0 (16)
L: 4 2 6 1 (17)
R: 7 2 3 1 (18)
L: 7 0 3 3 (19)
R: 10 0 0 3 (20)
L: 6 0 4 3 (21)
R: 8 2 2 1 (22)
L: 6 2 4 1 (23)
R: 9 2 1 1 (24)
L: 5 2 5 1 (25)
R: 6 2 4 1 (26)
L: 3 1 7 2 (27)
R: 7 1 3 2 (28)
L: 4 1 6 2 (29)
R: 6 1 4 2 (30)
L: 3 0 7 3 (31)
R: 7 0 3 3 (32)
L: 5 0 5 3 (33)
R: 5 1 5 2 (34)
L: 4 0 6 3 (35)
R: 5 0 5 3 (36)
L: 2 0 8 3 (37)
R: 2 1 8 2 (38)
L: 0 0 10 3 (39)
moves = 40
0.07387638092041016 s
