
---------- Initial conditions ----------

b = 5
m = 14
c = 6

---------- iddfs strategy ----------

R: 14 6 0 0 (0)
L: 14 2 0 4 (1)
R: 14 3 0 3 (2)
L: 10 2 4 4 (3)
R: 10 3 4 3 (4)
L: 8 0 6 6 (5)
R: 8 1 6 5 (6)
L: 4 0 10 6 (7)
R: 4 1 10 5 (8)
L: 0 0 14 6 (9)
moves = 10
0.2676427364349365 s
0.17974495887756348 s

---------- A* strategy ----------

R: 14 6 0 0 (0)
L: 14 1 0 5 (1)
R: 14 2 0 4 (2)
L: 9 2 5 4 (3)
R: 10 2 4 4 (4)
L: 7 0 7 6 (5)
R: 8 0 6 6 (6)
L: 3 0 11 6 (7)
R: 4 0 10 6 (8)
L: 0 0 14 6 (9)
moves = 10
0.004011631011962891 s

---------- bkt strategy ----------

R: 14 6 0 0 (0)
L: 13 5 1 1 (1)
R: 13 6 1 0 (2)
L: 12 5 2 1 (3)
R: 12 6 2 0 (4)
L: 12 4 2 2 (5)
R: 12 5 2 1 (6)
L: 11 4 3 2 (7)
R: 11 5 3 1 (8)
L: 11 3 3 3 (9)
R: 11 4 3 2 (10)
L: 10 3 4 3 (11)
R: 10 4 4 2 (12)
L: 10 2 4 4 (13)
R: 10 3 4 3 (14)
L: 9 2 5 4 (15)
R: 9 3 5 3 (16)
L: 9 1 5 5 (17)
R: 9 2 5 4 (18)
L: 8 1 6 5 (19)
R: 8 2 6 4 (20)
L: 8 0 6 6 (21)
R: 8 1 6 5 (22)
L: 7 0 7 6 (23)
R: 7 1 7 5 (24)
L: 6 0 8 6 (25)
R: 6 1 8 5 (26)
L: 5 0 9 6 (27)
R: 5 1 9 5 (28)
L: 4 0 10 6 (29)
R: 4 1 10 5 (30)
L: 3 0 11 6 (31)
R: 3 1 11 5 (32)
L: 2 0 12 6 (33)
R: 2 1 12 5 (34)
L: 1 0 13 6 (35)
R: 1 1 13 5 (36)
L: 0 0 14 6 (37)
moves = 38
0.08386898040771484 s

---------- random strategy ----------
I can not perform my strategy if there are big values for missionaries and cannibals
