
---------- Initial conditions ----------

b = 3
m = 8
c = 3

---------- iddfs strategy ----------

R: 8 3 0 0 (0)
L: 8 0 0 3 (1)
R: 8 1 0 2 (2)
L: 5 1 3 2 (3)
R: 5 2 3 1 (4)
L: 4 0 4 3 (5)
R: 4 1 4 2 (6)
L: 2 0 6 3 (7)
R: 2 1 6 2 (8)
L: 0 0 8 3 (9)
moves = 10
0.012005329132080078 s
0.004003286361694336 s

---------- A* strategy ----------

R: 8 3 0 0 (0)
L: 6 2 2 1 (1)
R: 7 2 1 1 (2)
L: 5 1 3 2 (3)
R: 6 1 2 2 (4)
L: 4 0 4 3 (5)
R: 5 0 3 3 (6)
L: 2 0 6 3 (7)
R: 3 0 5 3 (8)
L: 0 0 8 3 (9)
moves = 10
0.0 s

---------- bkt strategy ----------

R: 8 3 0 0 (0)
L: 7 2 1 1 (1)
R: 7 3 1 0 (2)
L: 6 2 2 1 (3)
R: 6 3 2 0 (4)
L: 6 1 2 2 (5)
R: 6 2 2 1 (6)
L: 5 1 3 2 (7)
R: 5 2 3 1 (8)
L: 5 0 3 3 (9)
R: 5 1 3 2 (10)
L: 4 0 4 3 (11)
R: 4 1 4 2 (12)
L: 3 0 5 3 (13)
R: 3 1 5 2 (14)
L: 2 0 6 3 (15)
R: 2 1 6 2 (16)
L: 1 0 7 3 (17)
R: 1 1 7 2 (18)
L: 0 0 8 3 (19)
moves = 20
0.0 s

---------- random strategy ----------

R: 8 3 0 0 (0)
L: 6 3 2 0 (1)
R: 7 3 1 0 (2)
L: 7 2 1 1 (3)
R: 8 2 0 1 (4)
L: 8 0 0 3 (5)
R: 8 1 0 2 (6)
L: 6 1 2 2 (7)
R: 6 2 2 1 (8)
L: 3 2 5 1 (9)
R: 4 2 4 1 (10)
L: 2 1 6 2 (11)
R: 3 1 5 2 (12)
L: 3 0 5 3 (13)
R: 5 0 3 3 (14)
L: 2 0 6 3 (15)
R: 3 0 5 3 (16)
L: 0 0 8 3 (17)
moves = 18
0.019991397857666016 s
